11	20
x	x	x	x	x	x	x	x	x	3	1	11	10	5	7	9	8	2	4	6
4022
0	22	22	18	22	15	17	19	15	25	22
22	0	16	30	22	27	15	27	21	21	22
22	16	0	18	16	19	15	15	16	19	20
18	30	18	0	15	29	22	22	23	13	20
22	22	16	15	0	19	20	21	25	23	23
15	27	19	29	19	0	22	13	18	12	11
17	15	15	22	20	22	0	21	26	24	16
19	27	15	22	21	13	21	0	25	18	14
15	21	16	23	25	18	26	25	0	22	19
25	21	19	13	23	12	24	18	22	0	27
22	22	20	20	23	11	16	14	19	27	0
