6	10
5	1	4	3	2	6	x	x	x	x
1372
0	38	44	45	43	38
38	0	42	40	38	42
44	42	0	37	36	40
45	40	37	0	39	42
43	38	36	39	0	37
38	42	40	42	37	0
