7	10
x	x	4	5	6	2	3	7	1	x
1733
0	29	32	34	27	29	41
29	0	44	29	43	49	41
32	44	0	30	27	33	30
34	29	30	0	42	28	24
27	43	27	42	0	41	34
29	49	33	28	41	0	38
41	41	30	24	34	38	0
