10	25
x	x	x	x	x	x	x	1	6	5	4	3	10	2	8	7	9	x	x	x	x	x	x	x	x
1402
0	2	10	10	14	16	6	8	2	10
2	0	14	16	2	12	8	20	2	6
10	14	0	16	14	14	12	20	4	20
10	16	16	0	20	14	16	4	6	14
14	2	14	20	0	6	6	10	14	6
16	12	14	14	6	0	4	10	4	4
6	8	12	16	6	4	0	16	20	14
8	20	20	4	10	10	16	0	10	10
2	2	4	6	14	4	20	10	0	2
10	6	20	14	6	4	14	10	2	0

